Porcentajes para la pregunta:  1. Ingresa tu edad:
==================================
 1. Ingresa tu edad:
62    4.6875
17    4.6875
38    4.6875
45    4.6875
50    4.6875
37    4.6875
75    4.6875
66    3.1250
42    3.1250
20    3.1250
18    3.1250
26    3.1250
41    3.1250
32    3.1250
43    3.1250
23    3.1250
54    3.1250
44    3.1250
72    1.5625
39    1.5625
46    1.5625
47    1.5625
36    1.5625
28    1.5625
61    1.5625
33    1.5625
15    1.5625
69    1.5625
24    1.5625
31    1.5625
35    1.5625
57    1.5625
49    1.5625
63    1.5625
70    1.5625
40    1.5625
30    1.5625
53    1.5625
51    1.5625